 -4.9902987e-002  2.9031411e-001  5.9565189e-001
  1.6274781e-001  3.0555323e-001  8.5493387e-001
 -2.3899746e-002  3.0759454e-001  4.0589015e-001
 -9.6167305e-002  2.9427952e-001  3.1494491e-001
 -1.5271835e-002  3.1158049e-001  5.0030932e-001
  1.6830334e-001  2.9692000e-001  6.2745986e-001
  1.5551485e-001  3.0003171e-001  1.8621035e-001
 -1.0502255e-001  2.8593939e-001  6.4003624e-001
  9.6742049e-003  3.1624094e-001  6.9475093e-001
  2.5162707e-002  3.0139620e-001  4.8590466e-001
  2.2472147e-001  2.8183357e-001  4.9326390e-001
  3.1046006e-002  2.7210849e-001  5.6049364e-001
  1.9915826e-001  3.0262415e-001  3.6867503e-001
 -1.1926236e-002  3.0119222e-001  4.8955834e-001
 -2.7272839e-002  3.0332307e-001  6.5463439e-001
  1.4444549e-001  2.9553453e-001  4.3602956e-001
 -7.4413289e-003  3.0005241e-001  2.7588213e-001
 -3.6251346e-002  2.9793931e-001  7.9212469e-001
 -7.7703176e-002  3.0049545e-001  5.8181247e-001
 -2.5011256e-002  3.0925957e-001  7.2651706e-001
